56789
56798
56879
56897
56987
56978
57689
57698
57869
57896
57986
57968
58769
58796
58679
58697
58967
58976
59786
59768
59876
59867
59687
59678
65789
65798
65879
65897
65987
65978
67589
67598
67859
67895
67985
67958
68759
68795
68579
68597
68957
68975
69785
69758
69875
69857
69587
69578
76589
76598
76859
76895
76985
76958
75689
75698
75869
75896
75986
75968
78569
78596
78659
78695
78965
78956
79586
79568
79856
79865
79685
79658
86759
86795
86579
86597
86957
86975
87659
87695
87569
87596
87956
87965
85769
85796
85679
85697
85967
85976
89756
89765
89576
89567
89657
89675
96785
96758
96875
96857
96587
96578
97685
97658
97865
97856
97586
97568
98765
98756
98675
98657
98567
98576
95786
95768
95876
95867
95687
95678